2021510001
2021510033
2022510008
2021510094
2012510128
2021510089
2019510092
2021510060
2020510055
2021510038
2020510094
2020510169
2022510158
2021510072
2021510019
2022510106
2021510109
2022510013
2022510183
2021510133
2011510115
2020510077
2021510051
2021510061
2021510073
2022510085
2021510080
2020510069
2022510129
2021510035
2021510010
2022510084
2021510090
2022510113
2021510037
2021510011
2021510028
2022510115
2021510071
2021510018
2022510105
2018510038
2021510086
2021510026
2021510088
2020510015
2020510042
2021510119
2021510096
2019510091
2021510017
2022510140
2021510058
2019510013
2018510089
2020510037
2022510029
2019510024
2020510171
2021510136
2021510110
2021510044
2021510102
2020510163
2020510158
2018510040
2022510149
2021510016
2019510004
2020510073
2020510093
2021510070
2021510006
2021510043
2021510063
2016510038
2022510159
2022510144
2022510150
2021510047
2022510104
2022510143
2021510034
2021510023
2020510201
2021510053
2019510113
2022510157
2020510080
2021510025
2017510022
2022510145
2022510125
2020510011
2022510111
2021510002
2021510095
2022510127
2021510005
2022510032
2021510082
2017510015
2009510112
2021510066
2020510177
2021510083
2020510063
2021510122
2022510098
2020510057
2016510077
2021510108
2021510093
2020510199
2022510070
2020510032
2022510022
2018510155
2021510030
2021510054
2022510046
2021510024
2021510118
2021510003
2020510001
2022510167
2022510112
2022510151
2021510077
2021510062
2021510004
2022510133
2021510041
2020510013
2022510166
2022510071
2020510059