23911
78554
58975
8123
46762
12599
60281
52104
16524
37916
3891
100631
36300
58104
98332
29258
96225
9559
72
99155
4853
38112
92492
24230
28260
100198
3596
92172
15004
6813
65021
64758
55338
3928
60975
5235
67231
73938
16857
20992
38602
43390
44686
25646
54330
106672
18981
4910
91159
105313
11598
40959
20025
22123
6125
35331
95915
15530
47978
68860
48056
37038
46947
2489
66219
61821
40267
88684
39805
43097
52418
11405
49004
41075
87250
62469
7366
44961
61751
101703
34763
56166
52185
40097
45381
29777
90819
17796
84758
98214
86551
29146
75106
79570
51410
65987
25751
40659
94463
97380
52395
48767
73499
109807
78692
9237
28082
15151
31878
61511
58341
4179
75637
38465
82890
13545
16296
88199
35828
37325
19966
89595
10066
98669
77545
35139
76418
26685
19972
17938
97951
40683
49388
57925
95070
12602
37637
13504
37996
64479
20252
53401
74948
105542
108294
17451
52127
47936
95558
98010
7530
35562
48505
74121
22521
87170
70289
12069
34707
46747
34814
37893
5445
60328
35209
15730
25400
50433
31119
8936
63182
45615
56930
37796
106591
16916
9466
64031
62636
65523
29668
20810
5649
37348
60785
33348
67978
11714
26803
101603
10718
10206
92668
77277
95213
44111
100396
102966
40226
84469
79629
21190
84801
60473
17492
64868
103819
16677
19647
51219
95248
44344
95155
28163
49498
87152
3309
34409
81526
178
53593
65000
32337
29456
92577
66136
56852
74476
7722
26384
2683
85437
109184
24793
70544
62291
102634
94436
55053
6826
49095
69921
38411
54480
50505
48983
16414
102013
82791
45939
71632
16739
52283
57857
1136
108521
61300
98705
91919
93742
104428
39850
43922
19622
63185
30951
3750
86382
55557
62515
22767
6121
56975
70993
48754
104733
72378
77490
16431
63490
89373
95223
86169
93356
83650
94974
95665
56085
86695
102974
56269
57061
63853
45687
39362
98185
77220
8780
8492
35693
31768
28283
12969
109302
50168
42614
10667
104672
3923
66597
80476
76085
97875
23232
62448
99825
41203
34699
86530
79883
36690
875
41827
26943
94109
107980
54161
38878
93417
80482
50421
68309
82080
13771
85486
11317
66694
7265
11507
76524
78468
85230
71105
104486
66780
56547
60328
68590
69780
90855
76996
88240
92692
81601
24594
51419
37128
73351
44395
91941
1007
76744
109938
15975
80408
64269
92242
76282
36265
109777
66461
85590
30344
12700
105066
108065
64625
49938
91222
31272
13796
8016
17569
96139
46463
10546
105288
60363
41350
54653
63544
7007
31378
12635
67614
35804
64048
18697
24416
11570
17822
94984
33442
34861
5161
21513
32690
14273
18773
91543
69188
77047
93735
92744
11014
18064
83253
22833
79564
62302
106162
45225
38579
27225
18635
63510
31013
35532
3111
74307
74444
9603
97861
29893
32576
9570
35740
94811
80553
100302
10794
104154
12006
51038
68076
28972
89774
88656
9805
52402
4878
11724
14334
104634
108746
32145
67638
37100
10112
48004
94173
86937
93698
51420
28766
91635
81148
95071
55798
80139
96285
46397
31284
12361
40573
50739
52196
84634
35829
91753
2990
6164
42382
64861
94465
92587
53230
46328
20724
109274
108498
80835
7312
84177
720
69179
5852
80245
48512
62806
66371
75518
23101
82193
509
1844
26988
56602
50127
16883
107855
83882
4481
57416
6185
68431
6585
23856
71707
7179
106946
5802
12935
62232
63681
27291
92140
37370
97475
21288
6237
16571
44518
41244
44318
39780
95975
35033
57531
81832
1631
94588
55100
1854
59033
27706
81354
57797
82186
63784
34436
64518
73530
20601
95338
58488
63952
82436
52919
8615
40862
104391
37835
52425
73712
874
105297
51332
23769
104704
10646
76306
37331
21112
32946
33242
98616
6691
98279
74583
17502
30845
29626
104078
79778
86530
7715
14864
109739
47168
77009
31929
62802
9011
7299
41943
85272
27486
22332
12400
6446
88651
34604
8351
26085
72886
85293
103943
95994
29016
25918
60225
13573
57516
18997
76716
12113
43005
31688
59412
40722
66724
105494
37561
42082
1281
72935
98695
51867
11842
14020
59162
39181
40997
69137
41438
87437
63378
2847
36329
89870
25691
64258
48319
58197
30091
15039
103135
43445
27299
96259
101984
41933
5652
90611
3765
38532
29651
21573
80077
74412
75864
65924
41321
52849
51432
2997
71364
7736
104361
68962
12544
92753
58643
91015
32279
53289
29189
22741
1289
8303
59153
1896
82078
83958
14379
46388
48210
29972
8776
59496
11675
95106
91656
85812
5429
59592
81356
6546
34315
13857
42021
23244
109897
3496
7697
85481
72024
47644
5530
80979
80463
41428
21522
86903
11279
26214
37953
41776
91795
106017
80586
93940
77229
77281
109464
25612
104065
49634
54762
75622
27917
8481
13418
91573
26952
35161
33636
102762
87277
81229
58934
92358
93339
71724
26409
63949
82787
51241
86027
92887
98956
87958
52032
41398
13091
52222
85763
68752
29268
109995
101164
44021
102132
52343
12689
19617
2074
15328
34806
85186
37324
10584
85610
43925
24888
49972
89129
30676
38689
75745
72066
55158
41911
39289
68941
90032
28489
103675
61865
41123
108676
68425
34948
84561
34477
41539
104005
41046
25567
19285
28948
12866
79845
74203
107714
69249
87152
49047
2974
95548
99187
29839
28064
102995
31662
43856
65213
42623
8175
40965
45963
32302
98460
58589
109766
17417
84161
14823
19668
83008
92210
64847
65066
96280
9888
80279
57316
59954
26153
81329
73383
40028
33146
61170
11283
3764
76609
40399
17055
4740
27174
245
10552
14929
88205
60432
53640
2998
102590
25307
55886
47147
68739
96786
88975
23879
87539
8180
57633
58684
64621
93731
98773
14940
82887
32560
63474
10436
105163
30844
11576
32558
70021
102871
13023
56435
11274
72818
58914
68787
93940
108842
36640
78501
18362
97323
23326
52064
25939
98738
52528
98272
67061
40646
36382
69202
49792
60541
85062
7779
32228
12487
8868
76304
75406
53494
26378
108021
70784
107414
69842
33750
65152
57120
88232
2603
76998
20057
73400
22170
66621
38832
8017
60911
20336
108499
60455
97536
38842
100097
6811
2857
13504
98563
49468
89226
36143
70168
42715
62713
73010
48180
4677
6273
20498
45559
8897
64159
68893
58980
5350
66335
81764
34797
68726
63113
26776
55264
87141
66639
3264
95817
87762
97539
78962
66863
43416
62037
76500
5062
10424
64059
102998
70282
39408
55814
70898
80799
109772
91443
11764
27116
33973
98742
99839
18790
66736
105983
77712